-5.9378	143.087
-5.9378	143.087
-5.9378	143.087
-5.9378	143.087
-5.9378	143.087
-5.9378	143.087
-5.9378	143.087
-5.9378	143.087
-5.9378	143.087
-5.9378	143.087
-5.9378	143.087
-5.9378	143.087
-5.9378	143.087
-5.9378	143.087
-5.9378	143.087
-5.9378	143.087
-5.9378	143.087
-5.9378	143.087
-5.9378	143.087
-5.9378	143.087
-5.9378	143.087
-5.9378	143.087
-5.9378	143.087
-5.9378	143.087
-5.9378	143.087
-5.9378	143.087
-5.9378	143.087
-5.9378	143.087
-5.9378	143.087
-5.9378	143.087
-5.9378	143.087
-5.9378	143.087
-5.9378	143.087
-5.9378	143.087
-5.9378	143.087
-5.9378	143.087
-5.9378	143.087
-5.9378	143.087
-5.9378	143.087
-5.9378	143.087
-5.9378	143.087
-5.9378	143.087
-5.9378	143.087
-5.9378	143.087
-5.9376	143.117
-5.93721	143.177
-5.93686	143.231
-5.93649	143.288
-5.9361	143.348
-5.9357	143.411
-5.93527	143.476
-5.93483	143.544
-5.93438	143.614
-5.93391	143.687
-5.93342	143.763
-5.93291	143.842
-5.93242	143.919
-5.93189	144.001
-5.93135	144.086
-5.9308	144.173
-5.93024	144.26
-5.92966	144.351
-5.92907	144.443
-5.92847	144.537
-5.92783	144.637
-5.92721	144.734
-5.92658	144.834
-5.92592	144.937
-5.92526	145.042
-5.92458	145.148
-5.92389	145.257
-5.92319	145.366
-5.92249	145.478
-5.92176	145.593
-5.92102	145.71
-5.92026	145.83
-5.9195	145.951
-5.91871	146.076
-5.91788	146.207
-5.91709	146.332
-5.91628	146.462
-5.91544	146.594
-5.91461	146.727
-5.91375	146.863
-5.9129	146.999
-5.91201	147.141
-5.91116	147.277
-5.91028	147.417
-5.9093	147.575
-5.90851	147.701
-5.90762	147.844
-5.90673	147.986
-5.90583	148.131
-5.90492	148.276
-5.90402	148.421
-5.90297	148.59
-5.90219	148.715
-5.90126	148.864
-5.90035	149.011
-5.89942	149.16
-5.89847	149.313
-5.89757	149.458
-5.89652	149.627
-5.8957	149.758
-5.89477	149.908
-5.89382	150.061
-5.89289	150.21
-5.89194	150.363
-5.89099	150.515
-5.88992	150.688
-5.88911	150.818
-5.88815	150.972
-5.8872	151.124
-5.88625	151.277
-5.88529	151.431
-5.88433	151.584
-5.88338	151.737
-5.88242	151.891
-5.88146	152.044
-5.8805	152.198
-5.87954	152.351
-5.87859	152.504
-5.87763	152.658
-5.87654	152.832
-5.8757	152.966
-5.87474	153.12
-5.87377	153.275
-5.87281	153.428
-5.87184	153.582
-5.87088	153.736
-5.86976	153.914
-5.86896	154.042
-5.86799	154.197
-5.86702	154.351
-5.86605	154.506
-5.8651	154.657
-5.86413	154.811
-5.86316	154.965
-5.8622	155.118
-5.86124	155.271
-5.86029	155.422
-5.85933	155.574
-5.85836	155.727
-5.85739	155.881
-5.85644	156.032
-5.85549	156.184
-5.85453	156.336
-5.85357	156.487
-5.85261	156.64
-5.85166	156.79
-5.8507	156.941
-5.84974	157.093
-5.84878	157.245
-5.84781	157.397
-5.84687	157.546
-5.84593	157.696
-5.84496	157.847
-5.84402	157.996
-5.84307	158.146
-5.84213	158.295
-5.84117	158.446
-5.84021	158.597
-5.83924	158.749
-5.83832	158.895
-5.83737	159.044
-5.83623	159.225
-5.83547	159.344
-5.83452	159.492
-5.83358	159.64
-5.83263	159.79
-5.83169	159.937
-5.83073	160.088
-5.8298	160.235
-5.82886	160.382
-5.82791	160.532
-5.82696	160.682
-5.82604	160.826
-5.82509	160.976
-5.82414	161.124
-5.82307	161.293
-5.82228	161.417
-5.82134	161.564
-5.8204	161.711
-5.81945	161.86
-5.81851	162.008
-5.81756	162.157
-5.81663	162.302
-5.8157	162.448
-5.81477	162.595
-5.81381	162.745
-5.8129	162.888
-5.81197	163.034
-5.81103	163.181
-5.8101	163.327
-5.80916	163.475
-5.80823	163.619
-5.8073	163.765
-5.80637	163.912
-5.80541	164.063
-5.80452	164.202
-5.80344	164.371
-5.80265	164.494
-5.80171	164.643
-5.80078	164.788
-5.79986	164.932
-5.79893	165.078
-5.79801	165.223
-5.79708	165.369
-5.79615	165.515
-5.79522	165.66
-5.79428	165.807
-5.79331	165.96
-5.79242	166.101
-5.79151	166.243
-5.79057	166.39
-5.78965	166.536
-5.78872	166.681
-5.78775	166.833
-5.78688	166.97
-5.78596	167.114
-5.78503	167.26
-5.78407	167.411
-5.78319	167.55
-5.78227	167.694
-5.78133	167.841
-5.78041	167.985
-5.7795	168.129
-5.77859	168.273
-5.77766	168.418
-5.77674	168.562
-5.77577	168.714
-5.7749	168.851
-5.77398	168.995
-5.77306	169.141
-5.77215	169.285
-5.77122	169.43
-5.77031	169.573
-5.76939	169.719
-5.76846	169.864
-5.76751	170.014
-5.76663	170.152
-5.76571	170.297
-5.76477	170.444
-5.76386	170.588
-5.76295	170.731
-5.76203	170.875
-5.76111	171.02
-5.76018	171.167
-5.75924	171.314
-5.75817	171.483
-5.75742	171.6
-5.75647	171.75
-5.75558	171.89
-5.75466	172.035
-5.75372	172.184
-5.75124	172.689
-5.6774	184.624
-5.67734	184.637
-5.67708	184.669
-5.67679	184.702
-5.67649	184.736
-5.67622	184.767
-5.67595	184.798
-5.6757	184.825
-5.67545	184.853
-5.67524	184.876
-5.67503	184.899
-5.67483	184.922
-5.67464	184.942
-5.67447	184.96
-5.67431	184.978
-5.67415	184.995
-5.674	185.011
-5.67386	185.026
-5.67373	185.04
-5.6736	185.053
-5.67348	185.065
-5.67336	185.077
-5.67326	185.087
-5.67316	185.097
-5.67306	185.106
-5.67298	185.115
-5.67289	185.123
-5.67281	185.131
-5.67273	185.138
-5.67265	185.144
-5.67257	185.152
-5.6725	185.157
-5.67242	185.165
-5.67234	185.172
-5.67226	185.179
-5.67217	185.187
-5.67208	185.196
-5.67199	185.205
-5.67189	185.216
-5.67178	185.229
-5.67166	185.243
-5.67153	185.258
-5.67139	185.275
-5.67124	185.294
-5.67108	185.314
-5.67091	185.336
-5.67073	185.36
-5.67054	185.385
-5.67033	185.413
-5.67012	185.442
-5.6699	185.473
-5.66966	185.506
-5.66942	185.541
-5.66916	185.578
-5.66889	185.617
-5.66861	185.658
-5.66832	185.701
-5.66801	185.747
-5.66769	185.793
-5.66736	185.843
-5.66703	185.894
-5.66667	185.947
-5.66623	186.016
-5.66526	186.166
-5.66497	186.211
-5.6646	186.269
-5.66412	186.343
-5.66364	186.419
-5.66314	186.497
-5.66262	186.579
-5.6621	186.66
-5.66157	186.744
-5.66101	186.833
-5.66047	186.918
-5.6599	187.009
-5.65931	187.102
-5.65871	187.197
-5.65811	187.293
-5.65749	187.392
-5.65686	187.494
-5.65623	187.599
-5.65565	187.702
-5.65509	187.811
-5.65464	187.921
-5.65434	188.033
-5.65436	188.15
-5.65474	188.264
-5.65555	188.381
-5.65687	188.501
-5.65911	188.624
-5.66228	188.747
-5.66645	188.872
-5.67197	189
-5.67881	189.127
-5.68712	189.258
-5.69721	189.389
-5.70909	189.522
-5.72275	189.654
-5.73891	189.794
-5.75646	189.925
-5.77638	190.06
-5.79862	190.197
-5.82299	190.333
-5.84985	190.472
-5.8784	190.608
-5.90915	190.744
-5.9423	190.882
-5.97791	191.021
-6.01614	191.161
-6.05592	191.294
-6.09877	191.432
-6.14414	191.569
-6.19193	191.706
-6.24221	191.844
-6.29374	191.976
-6.34807	192.111
-6.40475	192.244
-6.46457	192.38
-6.52558	192.509
-6.5896	192.64
-6.72982	193.013
-6.84311	193.25
-6.93071	193.382
-7.01947	193.507
-7.10911	193.627
-7.20182	193.747
-7.29645	193.864
-7.39437	193.982
-7.49232	194.095
-7.59229	194.206
-7.69466	194.316
-7.79849	194.423
-7.9052	194.529
-8.01383	194.632
-8.12452	194.734
-8.23533	194.831
-8.35104	194.931
-8.4678	195.027
-8.58172	195.114
-8.69909	195.202
-8.81961	195.29
-8.94088	195.375
-9.06365	195.458
-9.18678	195.538
-9.31268	195.617
-9.44254	195.697
-9.56728	195.768
-9.69549	195.84
-9.8262	195.911
-9.95735	195.979
-10.0885	196.045
-10.2219	196.11
-10.3546	196.171
-10.4901	196.232
-10.6269	196.292
-10.7619	196.347
-10.9028	196.405
-11.0369	196.454
-11.1755	196.505
-11.3156	196.555
-11.456	196.603
-11.5958	196.648
-11.7387	196.694
-11.8843	196.739
-12.0227	196.777
-12.1659	196.817
-12.3099	196.855
-12.4556	196.892
-12.5992	196.927
-12.7454	196.961
-12.8926	196.993
-13.037	197.023
-13.1835	197.052
-13.3307	197.08
-13.4758	197.106
-13.6237	197.131
-13.7733	197.156
-13.9203	197.178
-14.0688	197.199
-14.2174	197.219
-14.3675	197.239
-14.5225	197.258
-14.665	197.272
-14.8147	197.288
-14.9651	197.303
-15.12	197.318
-15.2638	197.328
-15.4136	197.339
-15.5655	197.35
-15.722	197.361
-15.8678	197.367
-16.017	197.374
-16.1681	197.381
-16.3207	197.387
-16.4712	197.391
-16.6211	197.395
-16.7733	197.398
-16.9278	197.401
-17.074	197.401
-17.2257	197.401
-17.3757	197.401
-17.5279	197.4
-17.6783	197.397
-17.8333	197.395
-17.9824	197.391
-18.1319	197.387
-18.2829	197.382
-18.4403	197.377
-18.5851	197.369
-18.7366	197.362
-18.8871	197.354
-19.0383	197.346
-19.1926	197.337
-19.3453	197.327
-19.4927	197.316
-19.6447	197.306
-19.7939	197.294
-19.9462	197.282
-20.0972	197.27
-20.2485	197.258
-20.3983	197.244
-20.549	197.231
-20.6968	197.217
-20.847	197.203
-20.9981	197.189
-21.1546	197.175
-21.2979	197.16
-21.4483	197.146
-21.6049	197.131
-21.7479	197.116
-21.9001	197.101
-22.0478	197.086
-22.1984	197.071
-22.3475	197.056
-22.4998	197.041
-22.6469	197.026
-22.7962	197.011
-22.945	196.996
-23.094	196.982
-23.2438	196.967
-23.3926	196.952
-23.5413	196.938
-23.6911	196.924
-23.8407	196.91
-23.9902	196.896
-24.1376	196.883
-24.2888	196.869
-24.4343	196.856
-24.5834	196.843
-24.7343	196.83
-24.8775	196.818
-25.0256	196.805
-25.1744	196.793
-25.3225	196.781
-25.4705	196.77
-25.6184	196.758
-25.7659	196.747
-25.9163	196.736
-26.0611	196.725
-26.2104	196.715
-26.3577	196.705
-26.5067	196.695
-26.6521	196.685
-26.7993	196.676
-26.9496	196.667
-27.0978	196.658
-27.2461	196.649
-27.3862	196.641
-27.5346	196.633
-27.6811	196.625
-27.8278	196.618
-27.9744	196.61
-28.1204	196.603
-28.2684	196.596
-28.4137	196.59
-28.5607	196.583
-28.7076	196.577
-28.8523	196.571
-28.9988	196.565
-29.1439	196.56
-29.2908	196.554
-29.4366	196.549
-29.5861	196.544
-29.7304	196.539
-29.8778	196.535
-30.0216	196.531
-30.1744	196.526
-30.6114	196.513
-30.8958	196.506
-31.0402	196.503
-31.1924	196.501
-31.343	196.498
-31.4901	196.496
-31.6359	196.494
-31.7792	196.492
-31.926	196.49
-32.07	196.489
-32.2156	196.487
-32.3613	196.486
-32.5072	196.485
-32.6535	196.484
-32.7954	196.483
-32.9416	196.482
-33.0849	196.481
-33.2295	196.481
-33.3739	196.48
-33.5208	196.48
-33.6628	196.48
-33.812	196.479
-33.9531	196.479
-34.0984	196.479
-34.2424	196.48
-34.3908	196.48
-34.5406	196.48
-34.6776	196.48
-34.8224	196.481
-34.969	196.481
-35.113	196.482
-35.2562	196.483
-35.4042	196.483
-35.549	196.484
-35.6928	196.485
-35.8401	196.486
-35.982	196.487
-36.1284	196.488
-36.2713	196.489
-36.4161	196.49
-36.5589	196.491
-36.7053	196.493
-36.8486	196.494
-36.9937	196.495
-37.1392	196.497
-37.284	196.498
-37.4314	196.499
-37.5704	196.501
-37.7175	196.502
-37.8604	196.503
-38.0043	196.505
-38.1493	196.506
-38.2992	196.508
-38.4386	196.509
-38.5833	196.51
-38.7281	196.511
-38.8724	196.513
-39.0154	196.514
-39.1616	196.515
-39.3044	196.516
-39.4555	196.516
-39.5934	196.517
-39.7384	196.518
-39.8808	196.518
-40.0265	196.518
-40.1697	196.519
-40.3146	196.519
-40.4572	196.519
-40.602	196.518
-40.7471	196.518
-40.8899	196.517
-41.0331	196.516
-41.1771	196.515
-41.3215	196.514
-41.4672	196.512
-41.6091	196.511
-41.7545	196.509
-41.8972	196.506
-42.0406	196.504
-42.1867	196.501
-42.3312	196.498
-42.4739	196.495
-42.6189	196.491
-42.7642	196.487
-42.9103	196.483
-43.05	196.479
-43.1956	196.474
-43.3386	196.468
-43.4839	196.463
-43.6263	196.457
-43.7701	196.451
-43.9142	196.444
-44.0658	196.437
-44.2027	196.43
-44.3465	196.423
-44.49	196.415
-44.6342	196.406
-44.7786	196.398
-44.9221	196.388
-45.0664	196.379
-45.2101	196.369
-45.3537	196.359
-45.5025	196.348
-45.6509	196.336
-45.7852	196.325
-45.9297	196.313
-46.0732	196.301
-46.2208	196.288
-46.3626	196.275
-46.5027	196.261
-46.6523	196.247
-46.7911	196.233
-46.9369	196.218
-47.0786	196.203
-47.2223	196.187
-47.3652	196.171
-47.5092	196.154
-47.6515	196.137
-47.7941	196.12
-47.9423	196.101
-48.0794	196.084
-48.2232	196.065
-48.3659	196.045
-48.5081	196.026
-48.6519	196.006
-48.7926	195.985
-48.9376	195.964
-49.0788	195.942
-49.2231	195.92
-49.3628	195.897
-49.5042	195.874
-49.6482	195.85
-49.7889	195.826
-49.933	195.801
-50.0747	195.776
-50.2132	195.75
-50.355	195.723
-50.4982	195.696
-50.6367	195.669
-50.7781	195.64
-50.921	195.611
-51.0634	195.581
-51.2039	195.551
-51.3433	195.521
-51.4847	195.489
-51.6252	195.457
-51.7645	195.424
-51.9031	195.391
-52.0433	195.357
-52.1828	195.322
-52.321	195.287
-52.4619	195.251
-52.6005	195.214
-52.7414	195.176
-52.8781	195.138
-53.0173	195.099
-53.1571	195.059
-53.2949	195.019
-53.4314	194.978
-53.5739	194.935
-53.7081	194.894
-53.8431	194.851
-53.9803	194.807
-54.1185	194.762
-54.2567	194.716
-54.391	194.671
-54.5274	194.624
-54.6628	194.576
-54.801	194.527
-55.2324	194.401
-55.5051	194.311
-55.6478	194.252
-55.7847	194.194
-55.9156	194.136
-56.0479	194.078
-56.1823	194.018
-56.3129	193.959
-56.4459	193.898
-56.5775	193.837
-56.7098	193.775
-56.844	193.712
-56.9702	193.651
-57.1061	193.586
-57.2343	193.522
-57.3659	193.457
-57.4878	193.395
-57.6174	193.329
-57.7475	193.262
-57.8757	193.195
-58.0039	193.128
-58.1311	193.06
-58.2611	192.991
-58.3864	192.923
-58.5153	192.852
-58.6401	192.783
-58.7648	192.713
-58.8924	192.641
-59.0181	192.569
-59.1432	192.496
-59.2673	192.424
-59.391	192.351
-59.517	192.276
-59.6403	192.201
-59.763	192.127
-59.887	192.05
-60.0092	191.974
-60.1313	191.898
-60.2534	191.82
-60.382	191.739
-60.4968	191.664
-60.6201	191.584
-60.739	191.505
-60.8599	191.425
-60.9793	191.344
-61.1028	191.261
-61.2236	191.178
-61.3417	191.096
-61.4578	191.015
-61.5757	190.932
-61.696	190.846
-61.8124	190.762
-61.9294	190.677
-62.0465	190.592
-62.1637	190.505
-62.2801	190.418
-62.3947	190.331
-62.5088	190.244
-62.6248	190.155
-62.739	190.067
-62.853	189.978
-62.9665	189.888
-63.0805	189.797
-63.1951	189.705
-63.3116	189.612
-63.4234	189.52
-63.5358	189.427
-63.6467	189.334
-63.7628	189.237
-63.8673	189.148
-63.9784	189.053
-64.0872	188.958
-64.1962	188.863
-64.3062	188.767
-64.426	188.662
-64.5292	188.569
-64.6349	188.473
-64.7446	188.373
-64.854	188.273
-64.9561	188.177
-65.061	188.079
-65.1672	187.978
-65.2743	187.877
-65.3748	187.779
-65.4799	187.678
-65.5838	187.576
-65.688	187.474
-65.7906	187.372
-65.8961	187.267
-65.9961	187.165
-66.0986	187.061
-66.2008	186.956
-66.3005	186.852
-66.4013	186.747
-66.502	186.641
-66.6026	186.534
-66.6979	186.432
-66.7969	186.325
-66.8946	186.218
-66.9946	186.109
-67.091	186.002
-67.1902	185.892
-67.2847	185.785
-67.3796	185.678
-67.4768	185.567
-67.5705	185.459
-67.6658	185.348
-67.7594	185.238
-67.8553	185.126
-67.9468	185.017
-68.0404	184.905
-68.1332	184.793
-68.2267	184.679
-68.3163	184.569
-68.4072	184.456
-68.4994	184.342
-68.5907	184.227
-68.6813	184.113
-68.7696	184
-68.8574	183.887
-68.9456	183.772
-69.0364	183.654
-69.1222	183.541
-69.2146	183.42
-69.2966	183.309
-69.3836	183.192
-69.4786	183.065
-69.5546	182.959
-69.6401	182.841
-69.7249	182.723
-69.8113	182.603
-69.8955	182.484
-69.9775	182.367
-70.0615	182.247
-70.1459	182.125
-70.2255	182.009
-70.3079	181.888
-70.39	181.767
-70.4738	181.643
-70.5505	181.526
-70.6297	181.406
-70.7091	181.285
-70.7891	181.163
-70.8666	181.042
-70.9448	180.92
-71.0224	180.798
-71.1001	180.675
-71.1784	180.55
-71.2541	180.428
-71.3287	180.306
-71.405	180.182
-71.4805	180.057
-71.556	179.932
-71.629	179.809
-71.704	179.683
-71.7757	179.56
-71.8542	179.427
-71.924	179.305
-71.9949	179.181
-72.0652	179.057
-72.1366	178.93
-72.2082	178.803
-72.2772	178.678
-72.3479	178.55
-72.4172	178.422
-72.4891	178.291
-72.5572	178.164
-72.622	178.04
-72.6898	177.912
-72.9344	177.506
-73.0745	177.256
-73.1413	177.118
-73.2024	176.988
-73.2684	176.849
-73.3252	176.724
-73.3858	176.592
-73.4465	176.459
-73.5106	176.32
-73.5676	176.192
-73.625	176.062
-73.6856	175.926
-73.742	175.797
-73.801	175.662
-73.8571	175.532
-73.9148	175.397
-73.9719	175.263
-74.0274	175.131
-74.083	174.999
-74.1394	174.863
-74.1957	174.727
-74.2503	174.594
-74.3066	174.456
-74.3583	174.326
-74.4121	174.191
-74.4645	174.058
-74.5207	173.917
-74.5725	173.783
-74.6246	173.647
-74.6766	173.512
-74.7285	173.375
-74.7801	173.237
-74.8286	173.105
-74.879	172.969
-74.9294	172.831
-74.9782	172.696
-75.0261	172.561
-75.0742	172.425
-75.1219	172.289
-75.1695	172.152
-75.2185	172.011
-75.2635	171.878
-75.3099	171.741
-75.3567	171.601
-75.4014	171.465
-75.4465	171.328
-75.4904	171.192
-75.5367	171.049
-75.5789	170.914
-75.6229	170.775
-75.6651	170.638
-75.7069	170.502
-75.7498	170.361
-75.7921	170.221
-75.8316	170.086
-75.8723	169.948
-75.9127	169.809
-75.9525	169.67
-75.9918	169.531
-76.0309	169.392
-76.0692	169.254
-76.1073	169.114
-76.146	168.972
-76.1828	168.834
-76.2193	168.694
-76.2554	168.555
-76.2936	168.409
-76.3276	168.274
-76.3632	168.133
-76.4004	167.985
-76.432	167.853
-76.466	167.712
-76.4997	167.57
-76.5327	167.43
-76.5643	167.291
-76.5974	167.148
-76.6281	167.01
-76.6594	166.868
-76.6905	166.726
-76.7208	166.585
-76.7505	166.444
-76.7802	166.302
-76.8092	166.161
-76.8379	166.019
-76.8659	165.877
-76.8938	165.735
-76.9212	165.593
-76.9478	165.452
-76.9748	165.308
-77.0007	165.166
-77.0261	165.024
-77.0521	164.879
-77.0766	164.737
-77.1009	164.594
-77.1241	164.454
-77.1479	164.309
-77.1703	164.169
-77.1933	164.023
-77.2144	163.885
-77.2358	163.742
-77.2573	163.598
-77.2785	163.453
-77.2989	163.309
-77.3179	163.169
-77.3373	163.026
-77.3576	162.876
-77.3754	162.736
-77.3931	162.594
-77.4108	162.45
-77.4276	162.308
-77.4449	162.161
-77.4607	162.02
-77.4768	161.875
-77.4922	161.73
-77.5071	161.586
-77.5216	161.442
-77.5355	161.299
-77.549	161.155
-77.5618	161.013
-77.5756	160.862
-77.5869	160.723
-77.5983	160.581
-77.6098	160.437
-77.6211	160.29
-77.6316	160.146
-77.6416	160.003
-77.6511	159.859
-77.6603	159.715
-77.6696	159.568
-77.6776	159.427
-77.6857	159.283
-77.6931	159.14
-77.7009	158.992
-77.7076	158.849
-77.714	158.705
-77.7205	158.557
-77.726	158.415
-77.7318	158.267
-77.7365	158.125
-77.7416	157.977
-77.7455	157.837
-77.7497	157.69
-77.7534	157.546
-77.7567	157.402
-77.7601	157.254
-77.7627	157.112
-77.7652	156.967
-77.7675	156.821
-77.7693	156.678
-77.771	156.534
-77.7729	156.384
-77.7736	156.244
-77.7746	156.101
-77.7754	155.955
-77.7759	155.811
-77.7763	155.665
-77.7764	155.522
-77.7764	155.375
-77.776	155.233
-77.776	155.082
-77.775	154.944
-77.7742	154.8
-77.7734	154.654
-77.7723	154.512
-77.7711	154.368
-77.7698	154.223
-77.7685	154.078
-77.767	153.934
-77.7654	153.789
-77.7767	153.318
-77.7753	153.173
-77.7748	153.03
-77.775	152.881
-77.7753	152.74
-77.7756	152.604
-77.7762	152.471
-77.7769	152.34
-77.7778	152.213
-77.7789	152.089
-77.7802	151.97
-77.7816	151.858
-77.7832	151.749
-77.785	151.646
-77.7868	151.546
-77.7887	151.452
-77.7905	151.363
-77.792	151.278
-77.793	151.203
-77.7937	151.13
-77.7941	151.063
-77.7942	151.001
-77.7936	150.948
-77.7924	150.903
-77.7912	150.859
-77.7899	150.821
-77.7886	150.782
-77.7873	150.748
-77.786	150.716
-77.7846	150.687
-77.7833	150.658
-77.7818	150.638
-77.7803	150.615
-77.7789	150.595
-77.7775	150.577
-77.776	150.561
-77.7745	150.548
-77.773	150.536
-77.7715	150.525
-77.77	150.515
-77.7685	150.509
-77.767	150.503
-77.7655	150.497
-77.764	150.494
-77.7625	150.492
-77.761	150.491
-77.7595	150.49
-77.758	150.491
-77.7565	150.493
-77.755	150.496
-77.7535	150.499
-77.7521	150.504
-77.7506	150.509
-77.7492	150.515
-77.7477	150.522
-77.7463	150.528
-77.7449	150.536
-77.7435	150.545
-77.7421	150.553
-77.7408	150.562
-77.7394	150.572
-77.7431	150.213
-77.7366	150.399
-77.7321	150.511
-77.7285	150.593
-77.7254	150.659
-77.7227	150.715
-77.7203	150.763
-77.718	150.806
-77.716	150.844
-77.714	150.88
-77.7122	150.912
-77.7105	150.942
-77.7089	150.97
-77.7074	150.995
-77.706	151.019
-77.7046	151.042
-77.7033	151.063
-77.7021	151.083
-77.7009	151.101
-77.6998	151.119
-77.6987	151.135
-77.6977	151.151
-77.6967	151.166
-77.6957	151.18
-77.6948	151.194
-77.694	151.206
-77.6931	151.218
-77.6923	151.23
-77.6916	151.241
-77.6908	151.251
-77.6901	151.261
-77.6894	151.271
-77.6888	151.279
-77.6882	151.287
-77.6876	151.295
-77.687	151.303
-77.6864	151.31
-77.6859	151.317
-77.6854	151.324
-77.6848	151.33
-77.6844	151.336
-77.6839	151.341
-77.6835	151.346
-77.683	151.351
-77.6826	151.356
-77.6822	151.36
-77.6818	151.365
-77.6814	151.369
-77.6811	151.372
-77.6808	151.376
-77.6804	151.379
-77.6801	151.382
-77.6798	151.385
-77.6795	151.388
-77.6792	151.39
-77.679	151.393
-77.6787	151.395
-77.6785	151.397
-77.6782	151.399
-77.678	151.4
-77.6778	151.402
-77.6776	151.403
-77.6774	151.405
-77.6772	151.406
-77.677	151.407
-77.6768	151.408
-77.6766	151.409
-77.6765	151.41
-77.6763	151.411
-77.6761	151.411
-77.676	151.412
-77.6759	151.412
-77.6757	151.412
-77.6756	151.413
-77.6755	151.413
-77.6754	151.413
-77.6753	151.413
-77.6752	151.413
-77.6751	151.413
-77.6746	151.418
-77.6744	151.42
-77.6743	151.419
-77.6742	151.418
-77.6742	151.417
-77.6742	151.416
-77.6741	151.415
-77.6741	151.415
-77.674	151.414
-77.674	151.413
-77.674	151.412
-77.674	151.411
-77.6739	151.41
-77.6739	151.409
-77.6739	151.408
-77.6739	151.407
-77.6738	151.406
-77.6738	151.406
-77.6738	151.405
-77.6738	151.404
-77.6738	151.403
-77.6738	151.402
-77.6738	151.401
-77.6738	151.4
-77.6738	151.4
-77.6738	151.399
-77.6738	151.398
-77.6738	151.397
-77.6738	151.396
-77.6738	151.396
-77.6738	151.395
-77.6738	151.394
-77.6738	151.393
-77.6738	151.393
-77.6738	151.392
-77.6738	151.391
-77.6738	151.39
-77.6738	151.39
-77.6738	151.389
-77.6738	151.388
-77.6738	151.388
-77.6738	151.387
-77.6738	151.386
-77.6738	151.386
-77.6738	151.385
-77.6738	151.385
-77.6738	151.384
-77.6739	151.383
-77.6739	151.383
-77.6739	151.382
-77.6739	151.382
-77.6739	151.381
-77.6739	151.381
-77.6739	151.38
-77.6739	151.38
-77.674	151.379
-77.674	151.379
-77.674	151.378
-77.674	151.378
-77.674	151.378
-77.674	151.377
-77.674	151.377
-77.674	151.376
-77.6741	151.376
-77.6741	151.376
-77.6741	151.375
-77.6741	151.375
-77.6741	151.374
-77.6741	151.374
-77.6741	151.374
-77.6741	151.373
-77.6742	151.373
-77.6742	151.373
-77.6742	151.373
-77.6742	151.372
-77.6742	151.372
-77.6742	151.372
-77.6743	151.371
-77.6743	151.371
-77.6743	151.371
-77.6743	151.371
-77.6743	151.37
-77.6743	151.37
-77.6743	151.37
-77.6743	151.37
-77.6743	151.37
-77.6743	151.369
-77.6743	151.369
-77.6744	151.369
-77.6744	151.369
-77.6744	151.369
-77.6744	151.369
-77.6744	151.368
-77.6744	151.368
-77.6745	151.368
-77.6745	151.368
-77.6745	151.368
-77.6745	151.368
-77.6745	151.368
-77.6745	151.368
-77.6745	151.367
-77.6745	151.367
-77.6745	151.367
-77.6745	151.367
-77.6745	151.367
-77.6746	151.367
-77.6746	151.367
-77.6746	151.367
-77.6746	151.367
-77.6746	151.367
-77.6746	151.367
-77.6746	151.367
-77.6746	151.366
-77.6746	151.366
-77.6746	151.366
-77.6746	151.366
-77.6746	151.366
-77.6746	151.366
-77.6747	151.366
-77.6747	151.366
-77.6747	151.366
-77.6747	151.366
-77.6747	151.366
-77.6747	151.366
-77.6747	151.366
-77.6747	151.366
-77.6747	151.366
-77.6747	151.366
-77.6747	151.366
-77.6747	151.366
-77.6747	151.366
-77.6747	151.366
-77.6747	151.366
-77.6747	151.366
-77.6747	151.366
-77.6747	151.366
-77.6747	151.366
-77.6747	151.366
-77.6747	151.366
-77.6747	151.366
-77.6747	151.366
-77.6747	151.366
-77.6747	151.366
-77.6747	151.366
-77.6747	151.366
-77.6747	151.366
-77.6747	151.366
-77.6747	151.366
-77.6747	151.366
-77.6747	151.366
-77.6747	151.366
-77.6747	151.366
-77.6747	151.366
-77.6747	151.366
-77.6747	151.366
-77.6747	151.366
-77.6747	151.366
-77.6747	151.366
-77.6747	151.366
-77.6747	151.366
-77.6747	151.366
-77.6747	151.366
-77.6747	151.366
-77.6747	151.366
-77.6747	151.366
-77.6747	151.366
-77.6747	151.366
-77.6747	151.366
-77.6747	151.366
-77.6747	151.366
-77.6747	151.366
-77.6747	151.366
-77.6747	151.366
-77.6747	151.366
-77.6747	151.366
-77.6747	151.366
-77.6747	151.366
-77.6747	151.366
-77.6747	151.366
-77.6747	151.366
-77.6747	151.366
-77.6747	151.366
-77.6747	151.366
-77.6747	151.366
-77.6747	151.366
-77.6747	151.366
-77.6747	151.366
-77.6747	151.366
-77.6747	151.366
-77.6747	151.366
-77.6747	151.366
-77.6747	151.366
-77.6747	151.366
-77.6747	151.366
-77.6747	151.366
-77.6747	151.366
-77.6747	151.366
-77.6747	151.366
-77.6747	151.366
-77.6747	151.366
-77.6747	151.366
-77.6747	151.366
-77.6747	151.366
-77.6747	151.366
-77.6747	151.366
-77.6747	151.366
-77.6747	151.366
-77.6747	151.366
-77.6747	151.366
-77.6747	151.366
-77.6747	151.366
-77.6747	151.366
-77.6747	151.366
-77.6747	151.366
-77.6747	151.366
-77.6747	151.366
-77.6747	151.366
-77.6747	151.366
-77.6747	151.366
-77.6747	151.366
-77.6747	151.366
-77.6747	151.366
-77.6747	151.366
-77.6747	151.366
-77.6747	151.366
-77.6747	151.366
-77.6747	151.366
-77.6747	151.366
-77.6747	151.366
-77.6747	151.366
-77.6747	151.366
-77.6747	151.366
-77.6747	151.366
-77.6747	151.366
-77.6747	151.366
-77.6747	151.366
-77.6747	151.366
-77.6747	151.366
-77.6747	151.366
-77.6747	151.366
-77.6747	151.366
-77.6747	151.366
-77.6747	151.366
-77.6747	151.366
-77.6747	151.366
-77.6747	151.366
-77.6747	151.366
-77.6747	151.366
-77.6747	151.366
-77.6747	151.366
-77.6747	151.366
-77.6747	151.366
-77.6747	151.366
-77.6747	151.366
-77.6747	151.366
-77.6747	151.366
-77.6747	151.366
-77.6747	151.366
-77.6747	151.366
-77.6747	151.366
-77.6747	151.366
-77.6747	151.366
-77.6747	151.366
-77.6747	151.366
-77.6747	151.366
-77.6747	151.366
-77.6747	151.366
-77.6747	151.366
-77.6747	151.366
-77.6747	151.366
-77.6747	151.366
-77.6747	151.366
-77.6747	151.366
-77.6747	151.366
-77.6747	151.366
-77.6747	151.366
-77.6747	151.366
-77.6747	151.366
-77.6747	151.366
-77.6747	151.366
-77.6747	151.366
-77.6747	151.366
-77.6747	151.366
-77.6747	151.366
-77.6747	151.366
-77.6747	151.366
-77.6747	151.366
-77.6747	151.366
-77.6747	151.366
-77.6747	151.366
-77.6747	151.366
-77.6747	151.366
-77.6747	151.366
-77.6747	151.366
-77.6747	151.366
-77.6747	151.366
-77.6747	151.366
-77.6747	151.366
-77.6747	151.366
-77.6747	151.366
-77.6747	151.366
-77.6747	151.366
-77.6747	151.366
-77.6747	151.366
-77.6747	151.366
-77.6747	151.366
-77.6747	151.366
-77.6747	151.366
-77.6747	151.366
-77.6747	151.366
-77.6747	151.366
-77.6747	151.366
-77.6747	151.366
-77.6747	151.366
-77.6747	151.366
-77.6747	151.366
-77.6747	151.366
-77.6747	151.366
-77.6747	151.366
-77.6747	151.366
-77.6747	151.366
-77.6747	151.366
-77.6747	151.366
-77.6747	151.366
-77.6747	151.366
-77.6747	151.366
-77.6747	151.366
-77.6747	151.366
-77.6747	151.366
-77.6747	151.366
-77.6747	151.366
-77.6747	151.366
-77.6747	151.366
-77.6747	151.366
-77.6747	151.366
-77.6748	151.366
-77.6748	151.366
-77.6748	151.366
-77.6748	151.366
-77.6748	151.366
-77.6748	151.366
-77.6748	151.366
-77.6748	151.366
-77.6748	151.366
-77.6748	151.366
-77.6748	151.366
-77.6748	151.366
-77.6748	151.366
-77.6748	151.366
-77.6748	151.366
-77.6748	151.366
-77.6748	151.366
-77.6748	151.366
-77.6748	151.366
-77.6748	151.366
-77.6748	151.366
-77.6748	151.366
-77.6748	151.366
-77.6748	151.366
-77.6748	151.366
-77.6748	151.366
-77.6748	151.366
-77.6748	151.366
-77.6748	151.366
-77.6748	151.366
-77.6748	151.366
-77.6748	151.366
-77.6748	151.366
-77.6748	151.366
-77.6748	151.366
-77.6748	151.366
-77.6748	151.366
-77.6748	151.366
-77.6748	151.366
-77.6748	151.366
-77.6748	151.366
-77.6748	151.366
-77.6748	151.366
-77.6748	151.366
-77.6748	151.366
-77.6748	151.366
-77.6748	151.366
-77.6748	151.366
-77.6748	151.366
-77.6748	151.366
-77.6748	151.366
-77.6748	151.366
-77.6748	151.366
-77.6748	151.366
-77.6748	151.366
-77.6748	151.366
-77.6748	151.366
-77.6748	151.366
-77.6748	151.366
-77.6748	151.366
-77.6748	151.366
-77.6748	151.366
-77.6748	151.366
-77.6748	151.366
-77.6748	151.366
-77.6748	151.366
-77.6748	151.366
-77.6748	151.366
-77.6748	151.366
-77.6748	151.366
-77.6748	151.366
-77.6748	151.366
-77.6748	151.366
-77.6748	151.366
-77.6748	151.366
-77.6748	151.366
-77.6748	151.366
-77.6748	151.366
-77.6748	151.366
-77.6748	151.366
-77.6748	151.366
-77.6748	151.366
-77.6748	151.366
-77.6748	151.366
-77.6748	151.366
-77.6748	151.366
-77.6748	151.366
-77.6748	151.366
-77.6748	151.366
-77.6748	151.366
-77.6748	151.366
-77.6748	151.366
-77.6748	151.366
-77.6748	151.366
-77.6748	151.366
-77.6748	151.366
-77.6748	151.366
-77.6748	151.366
-77.6748	151.366
-77.6748	151.366
-77.6748	151.366
-77.6748	151.366
-77.6748	151.366
-77.6748	151.366
-77.6748	151.366
-77.6748	151.366
-77.6748	151.366
-77.6748	151.366
-77.6748	151.366
-77.6748	151.366
-77.6748	151.366
-77.6748	151.366
-77.6748	151.366
-77.6748	151.366
-77.6748	151.366
-77.6748	151.366
-77.6748	151.366
-77.6748	151.366
-77.6748	151.366
-77.6748	151.366
-77.6748	151.366
-77.6748	151.366
-77.6748	151.366
-77.6748	151.366
-77.6748	151.366
-77.6748	151.366
-77.6748	151.366
-77.6748	151.366
-77.6748	151.366
-77.6748	151.366
-77.6748	151.366
-77.6748	151.366
-77.6748	151.366
-77.6748	151.366
-77.6748	151.366
-77.6748	151.366
-77.6748	151.366
-77.6748	151.366
-77.6748	151.366
-77.6748	151.366
-77.6748	151.366
-77.6748	151.366
-77.6748	151.366
-77.6748	151.366
-77.6748	151.366
-77.6748	151.366
-77.6748	151.366
-77.6748	151.366
-77.6748	151.366
-77.6748	151.366
-77.6748	151.366
-77.6748	151.366
-77.6748	151.366
-77.6748	151.366
-77.6748	151.366
-77.6748	151.366
-77.6748	151.366
-77.6748	151.366
-77.6748	151.366
-77.6748	151.366
-77.6748	151.366
-77.6748	151.366
-77.6748	151.366
-77.6748	151.366
-77.6748	151.366
-77.6748	151.366
-77.6748	151.366
-77.6748	151.366
-77.6748	151.366
-77.6748	151.366
-77.6748	151.366
-77.6748	151.366
-77.6748	151.366
-77.6748	151.366
-77.6748	151.366
-77.6748	151.366
-77.6748	151.366
-77.6748	151.366
-77.6748	151.366
-77.6748	151.366
-77.6748	151.366
-77.6748	151.366
-77.6748	151.366
-77.6748	151.366
-77.6748	151.366
-77.6748	151.366
-77.6748	151.366
-77.6748	151.366
-77.6748	151.366
-77.6748	151.366
-77.6748	151.366
-77.6748	151.366
-77.6748	151.366
-77.6748	151.366
-77.6748	151.366
-77.6748	151.366
-77.6748	151.366
-77.6748	151.366
-77.6748	151.366
-77.6748	151.366
-77.6748	151.366
-77.6748	151.366
-77.6748	151.366
-77.6748	151.366
-77.6748	151.366
-77.6748	151.366
-77.6748	151.366
-77.6748	151.366
-77.6748	151.366
-77.6748	151.366
-77.6748	151.366
-77.6748	151.366
-77.6748	151.366
-77.6748	151.366
-77.6748	151.366
-77.6748	151.366
-77.6748	151.366
-77.6748	151.366
-77.6748	151.366
-77.6748	151.366
-77.6748	151.366
-77.6748	151.366
-77.6748	151.366
-77.6748	151.366
-77.6748	151.366
-77.6748	151.366
-77.6748	151.366
-77.6748	151.366
-77.6748	151.366
-77.6748	151.366
-77.6748	151.366
-77.6748	151.366
-77.6748	151.366
-77.6748	151.366
-77.6748	151.366
-77.6748	151.366
-77.6748	151.366
-77.6748	151.366
-77.6748	151.366
-77.6748	151.366
-77.6748	151.366
-77.6748	151.366
-77.6748	151.366
-77.6748	151.366
-77.6748	151.366
-77.6748	151.366
-77.6748	151.366
-77.6748	151.366
-77.6748	151.366
-77.6748	151.366
-77.6748	151.366
-77.6748	151.366
-77.6748	151.366
-77.6748	151.366
-77.6748	151.366
-77.6748	151.366
-77.6748	151.366
-77.6748	151.366
-77.6748	151.366
-77.6748	151.366
-77.6748	151.366
-77.6748	151.366
-77.6748	151.366
-77.6748	151.366
-77.6748	151.366
-77.6748	151.366
-77.6748	151.366
-77.6748	151.366
-77.6748	151.366
-77.6748	151.366
-77.6748	151.366
-77.6748	151.366
-77.6748	151.366
-77.6748	151.366
-77.6748	151.366
-77.6748	151.366
-77.6748	151.366
-77.6748	151.366
-77.6748	151.366
-77.6748	151.366
-77.6748	151.366
-77.6748	151.366
-77.6748	151.366
-77.6748	151.366
-77.6748	151.366
-77.6748	151.366
-77.6748	151.366
-77.6748	151.366
-77.6748	151.366
-77.6748	151.366
-77.6748	151.366
-77.6748	151.366
-77.6748	151.366
-77.6748	151.366
-77.6748	151.366
-77.6748	151.366
-77.6748	151.366
-77.6748	151.366
-77.6748	151.366
-77.6748	151.366
-77.6748	151.366
-77.6748	151.366
-77.6748	151.366
-77.6748	151.366
-77.6748	151.366
-77.6748	151.366
-77.6748	151.366
-77.6748	151.366
-77.6748	151.366
-77.6748	151.366
-77.6748	151.366
-77.6748	151.366
-77.6748	151.366
-77.6748	151.366
-77.6748	151.366
-77.6748	151.366
-77.6748	151.366
-77.6748	151.366
-77.6748	151.366
-77.6748	151.366
-77.6748	151.366
-77.6748	151.366
-77.6748	151.366
-77.6748	151.366
-77.6748	151.366
-77.6748	151.366
-77.6748	151.366
-77.6748	151.366
-77.6748	151.366
-77.6748	151.366
-77.6748	151.366
-77.6748	151.366
-77.6748	151.366
-77.6748	151.366
-77.6748	151.366
-77.6748	151.366
-77.6748	151.366
-77.6748	151.366
-77.6748	151.366
-77.6748	151.366
-77.6748	151.366
-77.6748	151.366
-77.6748	151.366
-77.6748	151.366
-77.6748	151.366
-77.6748	151.366
-77.6748	151.366
-77.6748	151.366
-77.6748	151.366
-77.6748	151.366
-77.6748	151.366
-77.6748	151.366
-77.6748	151.366
-77.6748	151.366
-77.6748	151.366
-77.6748	151.366
-77.6748	151.366
-77.6748	151.366
-77.6748	151.366
-77.6748	151.366
-77.6748	151.366
-77.6748	151.366
-77.6748	151.366
-77.6748	151.366
-77.6748	151.366
-77.6748	151.366
-77.6748	151.366
-77.6748	151.366
-77.6748	151.366
-77.6748	151.366
-77.6748	151.366
-77.6748	151.366
-77.6748	151.366
-77.6748	151.366
-77.6748	151.366
-77.6748	151.366
-77.6748	151.366
-77.6748	151.366
-77.6748	151.366
-77.6748	151.366
-77.6748	151.366
-77.6748	151.366
-77.6748	151.366
-77.6748	151.366
-77.6748	151.366
-77.6748	151.366
-77.6748	151.366
-77.6748	151.366
-77.6748	151.366
-77.6748	151.366
-77.6748	151.366
-77.6748	151.366
-77.6748	151.366
-77.6748	151.366
-77.6748	151.366
-77.6748	151.366
-77.6748	151.366
-77.6748	151.366
-77.6748	151.366
-77.6748	151.366
-77.6748	151.366
-77.6748	151.366
-77.6748	151.366
-77.6748	151.366
-77.6748	151.366
-77.6748	151.366
-77.6748	151.366
-77.6748	151.366
-77.6748	151.366
-77.6748	151.366
-77.6748	151.366
-77.6748	151.366
-77.6748	151.366
-77.6748	151.366
-77.6748	151.366
-77.6748	151.366
-77.6748	151.366
-77.6748	151.366
-77.6748	151.366
-77.6748	151.366
-77.6748	151.366
-77.6748	151.366
-77.6748	151.366
-77.6748	151.366
-77.6748	151.366
-77.6748	151.366
-77.6748	151.366
-77.6748	151.366
-77.6748	151.366
-77.6748	151.366
-77.6748	151.366
-77.6748	151.366
-77.6748	151.366
-77.6748	151.366
-77.6748	151.366
-77.6748	151.366
-77.6748	151.366
-77.6748	151.366
-77.6748	151.366
-77.6748	151.366
-77.6748	151.366
-77.6748	151.366
-77.6748	151.366
-77.6748	151.366
-77.6748	151.366
-77.6748	151.366
-77.6748	151.366
-77.6748	151.366
-77.6748	151.366
-77.6748	151.366
-77.6748	151.366
-77.6748	151.366
-77.6748	151.366
-77.6748	151.366
-77.6748	151.366
-77.6748	151.366
-77.6748	151.366
-77.6748	151.366
-77.6748	151.366
-77.6748	151.366
-77.6748	151.366
-77.6748	151.366
-77.6748	151.366
-77.6748	151.366
-77.6748	151.366
-77.6748	151.366
-77.6748	151.366
-77.6748	151.366
-77.6748	151.366
-77.6748	151.366
-77.6748	151.366
-77.6748	151.366
-77.6748	151.366
-77.6748	151.366
-77.6748	151.366
-77.6748	151.366
-77.6748	151.366
-77.6748	151.366
-77.6748	151.366
-77.6748	151.366
-77.6748	151.366
-77.6748	151.366
-77.6748	151.366
-77.6748	151.366
-77.6748	151.366
-77.6748	151.366
-77.6748	151.366
-77.6748	151.366
-77.6748	151.366
-77.6748	151.366
-77.6748	151.366
-77.6748	151.366
-77.6748	151.366
-77.6748	151.366
-77.6748	151.366
-77.6748	151.366
-77.6748	151.366
-77.6748	151.366
-77.6748	151.366
-77.6748	151.366
-77.6748	151.366
-77.6748	151.366
-77.6748	151.366
-77.6748	151.366
-77.6748	151.366
-77.6748	151.366
-77.6748	151.366
-77.6748	151.366
-77.6748	151.366
-77.6748	151.366
-77.6748	151.366
-77.6748	151.366
-77.6748	151.366
-77.6748	151.366
-77.6748	151.366
-77.6748	151.366
-77.6748	151.366
-77.6748	151.366
-77.6748	151.366
-77.6748	151.366
-77.6748	151.366
-77.6748	151.366
-77.6748	151.366
-77.6748	151.366
-77.6748	151.366
-77.6748	151.366
-77.6748	151.366
-77.6748	151.366
-77.6748	151.366
-77.6748	151.366
-77.6748	151.366
-77.6748	151.366
-77.6748	151.366
-77.6748	151.366
-77.6748	151.366
-77.6748	151.366
-77.6748	151.366
-77.6748	151.366
-77.6748	151.366
-77.6748	151.366
-77.6748	151.366
-77.6748	151.366
-77.6748	151.366
-77.6748	151.366
-77.6748	151.366
-77.6748	151.366
-77.6748	151.366
-77.6748	151.366
-77.6748	151.366
-77.6748	151.366
-77.6748	151.366
-77.6748	151.366
-77.6748	151.366
-77.6748	151.366
-77.6748	151.366
-77.6748	151.366
-77.6748	151.366
-77.6748	151.366
-77.6748	151.366
-77.6748	151.366
-77.6748	151.366
-77.6748	151.366
-77.6748	151.366
-77.6748	151.366
-77.6748	151.366
-77.6748	151.366
-77.6748	151.366
-77.6748	151.366
-77.6748	151.366
-77.6748	151.366
-77.6748	151.366
-77.6748	151.366
-77.6748	151.366
-77.6748	151.366
-77.6748	151.366
-77.6748	151.366
-77.6748	151.366
-77.6748	151.366
-77.6748	151.366
-77.6748	151.366
-77.6748	151.366
-77.6748	151.366
-77.6748	151.366
-77.6748	151.366
-77.6748	151.366
-77.6748	151.366
-77.6748	151.366
-77.6748	151.366
-77.6748	151.366
-77.6748	151.366
-77.6748	151.366
-77.6748	151.366
-77.6748	151.366
-77.6748	151.366
-77.6748	151.366
-77.6748	151.366
-77.6748	151.366
-77.6748	151.366
-77.6748	151.366
-77.6748	151.366
-77.6748	151.366
-77.6748	151.366
-77.6748	151.366
-77.6748	151.366
-77.6748	151.366
-77.6748	151.366
-77.6748	151.366
-77.6748	151.366
-77.6748	151.366
-77.6748	151.366
-77.6748	151.366
-77.6748	151.366
-77.6748	151.366
-77.6748	151.366
-77.6748	151.366
-77.6748	151.366
-77.6748	151.366
-77.6748	151.366
-77.6748	151.366
-77.6748	151.366
-77.6748	151.366
-77.6748	151.366
-77.6748	151.366
-77.6748	151.366
-77.6748	151.366
-77.6748	151.366
-77.6748	151.366
-77.6748	151.366
-77.6748	151.366
-77.6748	151.366
-77.6748	151.366
-77.6748	151.366
-77.6748	151.366
-77.6748	151.366
-77.6748	151.366
-77.6748	151.366
-77.6748	151.366
-77.6748	151.366
-77.6748	151.366
-77.6748	151.366
-77.6748	151.366
-77.6748	151.366
-77.6748	151.366
-77.6748	151.366
-77.6748	151.366
-77.6748	151.366
-77.6748	151.366
-77.6748	151.366
-77.6748	151.366
-77.6748	151.366
-77.6748	151.366
-77.6748	151.366
-77.6748	151.366
-77.6748	151.366
-77.6748	151.366
-77.6748	151.366
-77.6748	151.366
-77.6748	151.366
-77.6748	151.366
-77.6748	151.366
-77.6748	151.366
-77.6748	151.366
-77.6748	151.366
-77.6748	151.366
-77.6748	151.366
-77.6748	151.366
-77.6748	151.366
-77.6748	151.366
-77.6748	151.366
-77.6748	151.366
-77.6748	151.366
-77.6748	151.366
-77.6748	151.366
-77.6748	151.366
-77.6748	151.366
-77.6748	151.366
-77.6748	151.366
-77.6748	151.366
-77.6748	151.366
-77.6748	151.366
-77.6748	151.366
-77.6748	151.366
-77.6748	151.366
-77.6748	151.366
-77.6748	151.366
-77.6748	151.366
-77.6748	151.366
-77.6748	151.366
-77.6748	151.366
-77.6748	151.366
-77.6748	151.366
-77.6748	151.366
-77.6748	151.366
-77.6748	151.366
-77.6748	151.366
-77.6748	151.366
-77.6748	151.366
-77.6748	151.366
-77.6748	151.366
-77.6748	151.366
-77.6748	151.366
-77.6748	151.366
-77.6748	151.366
-77.6748	151.366
-77.6748	151.366
-77.6748	151.366
-77.6748	151.366
-77.6748	151.366
-77.6748	151.366
-77.6748	151.366
-77.6748	151.366
-77.6748	151.366
-77.6748	151.366
-77.6748	151.366
-77.6748	151.366
-77.6748	151.366
-77.6748	151.366
-77.6748	151.366
-77.6748	151.366
-77.6748	151.366
-77.6748	151.366
-77.6749	151.366
-77.6749	151.366
-77.675	151.365
-77.6752	151.363
-77.6755	151.36
-77.6759	151.357
-77.6764	151.353
-77.6769	151.347
-77.6777	151.34
-77.6787	151.332
-77.6797	151.322
-77.681	151.31
-77.6825	151.296
-77.6842	151.281
-77.686	151.263
-77.6881	151.243
-77.6903	151.222
-77.6927	151.198
-77.6953	151.172
-77.698	151.145
-77.7009	151.115
-77.7039	151.084
-77.7071	151.05
-77.7105	151.014
-77.7142	150.975
-77.7179	150.935
-77.7218	150.893
-77.726	150.848
-77.7303	150.801
-77.7348	150.752
-77.7395	150.701
-77.7444	150.647
-77.7493	150.592
-77.7545	150.534
-77.7599	150.473
-77.7654	150.41
-77.7711	150.344
-77.7767	150.278
-77.7826	150.208
-77.7886	150.136
-77.7947	150.062
-77.801	149.986
-77.8076	149.905
-77.8141	149.825
-77.8209	149.741
-77.828	149.654
-77.8351	149.566
-77.8424	149.476
-77.8499	149.383
-77.8576	149.288
-77.8656	149.189
-77.8737	149.089
-77.8819	148.987
-77.8903	148.882
-77.8989	148.775
-77.9076	148.666
-77.9166	148.554
-77.9256	148.44
-77.9348	148.324
-77.9441	148.206
-77.9535	148.085
-77.9632	147.96
-77.9731	147.833
-77.9827	147.707
-77.9924	147.58
-78.0023	147.448
-78.0121	147.317
-78.0223	147.18
-78.0319	147.049
-78.0418	146.911
-78.0517	146.774
-78.0616	146.634
-78.0715	146.493
-78.0812	146.351
-78.0909	146.209
-78.1005	146.065
-78.1101	145.92
-78.1198	145.771
-78.129	145.626
-78.1382	145.479
-78.1473	145.33
-78.1567	145.174
-78.1652	145.029
-78.1738	144.878
-78.1823	144.727
-78.1907	144.574
-78.199	144.419
-78.207	144.266
-78.2146	144.114
-78.2223	143.958
-78.2296	143.805
-78.2368	143.649
-78.2437	143.493
-78.2503	143.339
-78.2569	143.18
-78.2628	143.029
-78.2689	142.871
-78.2744	142.717
-78.2799	142.559
-78.285	142.405
-78.2899	142.248
-78.2949	142.083
-78.2989	141.935
-78.3029	141.779
-78.3067	141.622
-78.3102	141.465
-78.3135	141.308
-78.3164	141.151
-78.319	140.997
-78.3215	140.835
-78.3234	140.682
-78.3252	140.525
-78.3266	140.37
-78.3277	140.213
-78.3376	139.739
-78.3393	139.409
-78.3534	138.536
-78.3471	138.373
-78.3406	138.211
-78.3341	138.051
-78.3275	137.89
-78.3209	137.73
-78.314	137.573
-78.3071	137.413
-78.3001	137.257
-78.2929	137.099
-78.2857	136.941
-78.2783	136.787
-78.2708	136.631
-78.2632	136.476
-78.2554	136.32
-78.2476	136.166
-78.2396	136.012
-78.2316	135.86
-78.2234	135.702
-78.2152	135.553
-78.2069	135.4
-78.1984	135.247
-78.1899	135.096
-78.1813	134.943
-78.1726	134.79
-78.1639	134.641
-78.155	134.489
-78.1462	134.339
-78.1372	134.188
-78.1282	134.039
-78.119	133.887
-78.1098	133.737
-78.1006	133.586
-78.0913	133.436
-78.0819	133.287
-78.0725	133.138
-78.063	132.989
-78.0533	132.834
-78.0439	132.689
-78.0342	132.541
-78.0246	132.392
-78.0149	132.244
-78.0051	132.094
-77.9953	131.946
-77.9855	131.798
-77.9756	131.649
-77.9657	131.502
-77.9555	131.349
-77.9458	131.205
-77.9358	131.059
-77.9258	130.911
-77.9157	130.763
-77.9056	130.614
-77.8955	130.468
-77.8855	130.322
-77.8752	130.173
-77.865	130.027
-77.8546	129.877
-77.8445	129.733
-77.8342	129.586
-77.8239	129.439
-77.8135	129.291
-77.8033	129.146
-77.793	128.999
-77.7827	128.854
-77.7723	128.705
-77.762	128.56
-77.7518	128.415
-77.7416	128.27
-77.7311	128.12
-77.721	127.976
-77.7107	127.828
-77.7007	127.684
-77.6903	127.534
-77.6805	127.392
-77.6706	127.248
-77.6606	127.101
-77.6507	126.954
-77.6409	126.809
-77.631	126.661
-77.6215	126.516
-77.6118	126.369
-77.6026	126.227
-77.5932	126.081
-77.584	125.936
-77.5747	125.788
-77.5657	125.644
-77.5569	125.5
-77.5481	125.354
-77.5394	125.209
-77.5309	125.065
-77.5225	124.919
-77.5141	124.773
-77.506	124.628
-77.498	124.482
-77.4901	124.337
-77.4823	124.191
-77.4748	124.046
-77.4672	123.899
-77.4601	123.757
-77.4529	123.61
-77.446	123.466
-77.4392	123.321
-77.4324	123.174
-77.426	123.031
-77.4196	122.884
-77.4135	122.741
-77.4075	122.596
-77.4016	122.451
-77.3958	122.302
-77.3902	122.156
-77.3849	122.012
-77.3797	121.868
-77.3746	121.723
-77.3697	121.576
-77.365	121.433
-77.3604	121.287
-77.356	121.143
-77.3518	120.998
-77.3477	120.853
-77.3437	120.708
-77.34	120.564
-77.3364	120.42
-77.3325	120.265
-77.3295	120.128
-77.3264	119.983
-77.3234	119.84
-77.3206	119.695
-77.3178	119.55
-77.3153	119.405
-77.3129	119.261
-77.3106	119.116
-77.3085	118.972
-77.3065	118.827
-77.3046	118.682
-77.3029	118.538
-77.3013	118.393
-77.2998	118.248
-77.2985	118.103
-77.2973	117.959
-77.2962	117.814
-77.2952	117.67
-77.2944	117.526
-77.2937	117.382
-77.2929	117.227
-77.2926	117.092
-77.2923	116.948
-77.292	116.803
-77.2919	116.658
-77.2918	116.513
-77.2919	116.37
-77.2921	116.225
-77.2924	116.079
-77.2928	115.936
-77.2933	115.792
-77.2939	115.648
-77.2945	115.503
-77.2953	115.359
-77.2962	115.214
-77.2971	115.069
-77.2949	114.612
-77.2952	114.323
-77.2971	114.171
-77.2992	114.029
-77.3013	113.884
-77.3034	113.74
-77.3056	113.595
-77.3079	113.45
-77.3102	113.307
-77.3125	113.162
-77.3149	113.019
-77.3174	112.875
-77.3198	112.73
-77.3224	112.587
-77.3249	112.442
-77.3275	112.299
-77.3302	112.156
-77.3329	112.009
-77.3356	111.866
-77.3383	111.718
-77.3411	111.576
-77.3439	111.43
-77.3467	111.288
-77.3496	111.143
-77.3524	110.999
-77.3554	110.855
-77.3583	110.709
-77.3613	110.56
-77.3643	110.422
-77.3673	110.279
-77.3703	110.134
-77.3734	109.988
-77.3765	109.845
-77.3796	109.701
-77.3827	109.558
-77.3858	109.41
-77.389	109.267
-77.3921	109.122
-77.3953	108.98
-77.3985	108.836
-77.4018	108.693
-77.405	108.548
-77.4083	108.404
-77.4116	108.259
-77.4149	108.115
-77.4183	107.966
-77.4216	107.826
-77.425	107.682
-77.4284	107.537
-77.4318	107.394
-77.4353	107.243
-77.4386	107.105
-77.442	106.961
-77.4455	106.816
-77.4489	106.671
-77.4524	106.526
-77.4559	106.383
-77.4594	106.238
-77.4629	106.094
-77.4664	105.95
-77.4699	105.805
-77.4735	105.662
-77.4771	105.517
-77.4807	105.373
-77.4844	105.222
-77.4879	105.084
-77.4915	104.94
-77.4952	104.795
-77.4988	104.649
-77.5025	104.506
-77.5062	104.36
-77.5098	104.217
-77.5135	104.073
-77.5172	103.928
-77.521	103.782
-77.5247	103.639
-77.5284	103.496
-77.5321	103.352
-77.5358	103.207
-77.5396	103.063
-77.5433	102.92
-77.547	102.776
-77.5507	102.633
-77.5545	102.486
-77.5582	102.345
-77.5619	102.201
-77.5657	102.057
-77.5694	101.914
-77.5732	101.769
-77.577	101.618
-77.5806	101.482
-77.5843	101.337
-77.588	101.193
-77.5917	101.049
-77.5955	100.904
-77.5991	100.76
-77.6028	100.617
-77.6065	100.472
-77.6101	100.327
-77.6137	100.185
-77.6173	100.041
-77.6209	99.8978
-77.6247	99.7455
-77.6281	99.6096
-77.6316	99.4675
-77.6351	99.3235
-77.6386	99.1778
-77.6421	99.0357
-77.6456	98.888
-77.649	98.7478
-77.6524	98.6033
-77.6558	98.4595
-77.6591	98.3154
-77.6625	98.169
-77.6657	98.0271
-77.669	97.8833
-77.6722	97.7389
-77.6755	97.5934
-77.6786	97.4508
-77.6817	97.3067
-77.6848	97.1637
-77.6879	97.0188
-77.6909	96.8749
-77.6939	96.7302
-77.6969	96.5858
-77.6998	96.4417
-77.7027	96.296
-77.7056	96.1507
-77.7084	96.0068
-77.7111	95.8639
-77.7139	95.7174
-77.7166	95.5735
-77.7193	95.4244
-77.722	95.2731
-77.7246	95.1271
-77.7272	94.9786
-77.7298	94.827
-77.7323	94.6794
-77.7346	94.5387
-77.7369	94.3968
-77.7391	94.2549
-77.7413	94.1136
-77.7434	93.9707
-77.7456	93.8281
-77.7476	93.6894
-77.7496	93.5482
-77.7515	93.4059
-77.7535	93.2605
-77.7554	93.1195
-77.7572	92.9797
-77.759	92.8375
-77.7607	92.6965
-77.7624	92.5528
-77.764	92.4137
-77.7656	92.2728
-77.7672	92.1307
-77.7689	91.9816
-77.7702	91.8473
-77.7717	91.7059
-77.773	91.5646
-77.7744	91.421
-77.7757	91.2802
-77.777	91.1349
-77.7782	90.9004
-77.812	87.8591
-77.808	87.7213
-77.8053	87.5977
-77.8034	87.4641
-77.8018	87.3291
-77.8006	87.1929
-77.7995	87.0539
-77.7985	86.9155
-77.7976	86.778
-77.7968	86.6413
-77.7961	86.5034
-77.7954	86.3625
-77.7947	86.2248
-77.794	86.08
-77.7934	85.9469
-77.7928	85.807
-77.7922	85.6652
-77.7916	85.5281
-77.791	85.389
-77.7904	85.2498
-77.7899	85.1092
-77.7893	84.9698
-77.7888	84.8288
-77.7882	84.6899
-77.7877	84.5493
-77.7871	84.4087
-77.7865	84.2693
-77.786	84.1268
-77.7854	83.9867
-77.7848	83.8453
-77.7843	83.705
-77.7837	83.5666
-77.7831	83.4257
-77.7825	83.2793
-77.782	83.1399
-77.7814	83.0028
-77.7808	82.8593
-77.7802	82.7208
-77.7796	82.5758
-77.7789	82.4388
-77.7783	82.2947
-77.7777	82.1529
-77.7771	82.0163
-77.7764	81.8711
-77.7758	81.7324
-77.7751	81.5909
-77.7745	81.4498
-77.7738	81.3082
-77.7732	81.1642
-77.7725	81.0255
-77.7718	80.8864
-77.7711	80.7432
-77.7704	80.6024
-77.7698	80.4631
-77.7691	80.32
-77.7684	80.1814
-77.7676	80.0384
-77.7669	79.8974
-77.7662	79.7569
-77.7655	79.6096
-77.7647	79.4657
-77.764	79.3281
-77.7632	79.186
-77.7625	79.045
-77.7617	78.9014
-77.761	78.7596
-77.7602	78.6192
-77.7594	78.4791
-77.7586	78.3334
-77.7579	78.1951
-77.7571	78.0535
-77.7563	77.9112
-77.7555	77.7709
-77.7547	77.6293
-77.7539	77.4857
-77.7531	77.3446
-77.7523	77.2015
-77.7515	77.0607
-77.7507	76.9183
-77.7498	76.7781
-77.749	76.6346
-77.7482	76.489
-77.7474	76.3514
-77.7465	76.209
-77.7457	76.0675
-77.7449	75.9257
-77.744	75.7847
-77.7432	75.6429
-77.7424	75.5009
-77.7415	75.3577
-77.7407	75.2161
-77.7398	75.0744
-77.739	74.9325
-77.7381	74.7897
-77.7373	74.6468
-77.7364	74.5067
-77.7355	74.3633
-77.7347	74.2216
-77.7338	74.0756
-77.7329	73.9326
-77.7321	73.7871
-77.7312	73.6475
-77.7303	73.5036
-77.7295	73.3634
-77.7286	73.2192
-77.7277	73.0774
-77.7269	72.9336
-77.726	72.7896
-77.7251	72.6504
-77.7243	72.5078
-77.7234	72.3616
-77.7225	72.2217
-77.7217	72.0798
-77.7208	71.9374
-77.7199	71.796
-77.719	71.6473
-77.7181	71.5027
-77.7173	71.3678
-77.7164	71.2251
-77.7156	71.0832
-77.7147	70.9386
-77.7138	70.7978
-77.7129	70.6547
-77.7121	70.5126
-77.7112	70.3703
-77.7103	70.2263
-77.7094	70.0854
-77.7086	69.9436
-77.7077	69.7984
-77.7068	69.6555
-77.7059	69.5141
-77.705	69.3673
-77.7041	69.2131
-77.7025	68.9376
-77.7016	68.7943
-77.7007	68.6484
-77.6998	68.5087
-77.699	68.3668
-77.6981	68.2223
-77.6972	68.0704
-77.6962	67.92
-77.6953	67.7626
-77.6944	67.617
-77.6935	67.4678
-77.6926	67.3244
-77.6918	67.1828
-77.6909	67.0302
-77.69	66.8955
-77.6892	66.7514
-77.6883	66.6103
-77.6875	66.4623
-77.6866	66.3234
-77.6858	66.1814
-77.6831	65.7188
-77.6815	65.4336
-77.6806	65.2775
-77.6797	65.1292
-77.6789	64.9765
-77.678	64.8332
-77.6772	64.6882
-77.6764	64.5464
-77.6756	64.4017
-77.6748	64.2585
-77.674	64.1109
-77.6733	63.9703
-77.6725	63.8302
-77.6717	63.6798
-77.6709	63.5408
-77.6702	63.3983
-77.6694	63.2547
-77.6687	63.1105
-77.6679	62.955
-77.6672	62.8223
-77.6665	62.676
-77.6657	62.5334
-77.665	62.3885
-77.6643	62.2463
-77.6636	62.1015
-77.6629	61.9571
-77.6622	61.8149
-77.6616	61.6702
-77.6609	61.5282
-77.6602	61.3814
-77.6596	61.2406
-77.6589	61.0943
-77.6583	60.9525
-77.6577	60.805
-77.6571	60.6662
-77.6564	60.5217
-77.6558	60.3782
-77.6553	60.2347
-77.6547	60.0875
-77.6541	59.9393
-77.6535	59.8003
-77.653	59.6573
-77.6524	59.5116
-77.6519	59.3689
-77.6514	59.2247
-77.6509	59.0813
-77.6504	58.9379
-77.6499	58.7946
-77.6494	58.6475
-77.6489	58.5037
-77.6485	58.3637
-77.648	58.2191
-77.6476	58.0698
-77.6472	57.9291
-77.6468	57.7859
-77.6464	57.6412
-77.646	57.4955
-77.6456	57.3401
-77.6453	57.206
-77.6449	57.0597
-77.6446	56.9175
-77.6442	56.7726
-77.6439	56.6301
-77.6436	56.4849
-77.6434	56.3402
-77.6431	56.1958
-77.6428	56.0523
-77.6426	55.9061
-77.6423	55.761
-77.6421	55.6105
-77.6419	55.4735
-77.6417	55.3278
-77.6416	55.1841
-77.6414	55.0391
-77.6413	54.8925
-77.6411	54.7464
-77.641	54.6028
-77.6409	54.4569
-77.6408	54.3114
-77.6407	54.1683
-77.6407	54.0243
-77.6406	53.8781
-77.6406	53.7329
-77.6405	53.5892
-77.6405	53.4443
-77.6405	53.2997
-77.6405	53.1468
-77.6406	53.0109
-77.6406	52.8639
-77.6407	52.7194
-77.6408	52.5714
-77.6409	52.4288
-77.641	52.2851
-77.6411	52.1397
-77.6412	51.9885
-77.6414	51.8451
-77.6415	51.7032
-77.6417	51.5576
-77.6419	51.4148
-77.6421	51.2685
-77.6423	51.1226
-77.6425	50.9783
-77.6428	50.8338
-77.643	50.6875
-77.6433	50.5422
-77.6436	50.3971
-77.6439	50.2522
-77.6442	50.1012
-77.6445	49.9613
-77.6449	49.8164
-77.6452	49.6686
-77.6456	49.5257
-77.646	49.381
-77.6464	49.2354
-77.6468	49.0883
-77.6472	48.9451
-77.6476	48.7989
-77.6481	48.6548
-77.6485	48.5072
-77.649	48.3637
-77.6495	48.2159
-77.65	48.0699
-77.6505	47.9245
-77.651	47.7792
-77.6516	47.6243
-77.6521	47.4896
-77.6527	47.3437
-77.6533	47.1908
-77.6538	47.0492
-77.6544	46.9069
-77.655	46.7621
-77.6556	46.6139
-77.6563	46.4697
-77.6569	46.3249
-77.6576	46.1769
-77.6582	46.0331
-77.6589	45.8871
-77.6596	45.7408
-77.6603	45.5965
-77.661	45.4483
-77.6617	45.3026
-77.6624	45.1579
-77.6631	45.0145
-77.6639	44.8676
-77.6646	44.7213
-77.6654	44.5754
-77.6662	44.4311
-77.667	44.2854
-77.6678	44.1393
-77.6686	43.9939
-77.6694	43.8489
-77.6702	43.7029
-77.6711	43.5558
-77.6719	43.4092
-77.6727	43.2646
-77.6736	43.119
-77.6745	42.9717
-77.6753	42.8263
-77.6762	42.68
-77.6771	42.5375
-77.678	42.3913
-77.6789	42.2461
-77.6799	42.0991
-77.6808	41.9542
-77.6817	41.8081
-77.6827	41.6618
-77.6836	41.515
-77.6846	41.371
-77.6855	41.2247
-77.688	40.7838
-77.6897	40.4919
-77.6908	40.336
-77.6919	40.1776
-77.693	40.036
-77.6941	39.8926
-77.6952	39.7456
-77.6962	39.6002
-77.6973	39.4544
-77.6984	39.3102
-77.6995	39.1659
-77.7006	39.02
-77.7017	38.8722
-77.7028	38.7274
-77.7039	38.5836
-77.705	38.4393
-77.7062	38.2869
-77.7073	38.148
-77.7084	38.003
-77.7096	37.8579
-77.7107	37.7114
-77.7118	37.5666
-77.713	37.4209
-77.7141	37.2774
-77.7153	37.1322
-77.7164	36.9867
-77.7176	36.8438
-77.7188	36.697
-77.7199	36.5515
-77.7211	36.4031
-77.7223	36.2616
-77.7235	36.1157
-77.7246	35.9712
-77.7258	35.8239
-77.727	35.6823
-77.7282	35.5352
-77.7294	35.388
-77.7306	35.2453
-77.7318	35.1004
-77.733	34.955
-77.7342	34.8091
-77.7354	34.6659
-77.7365	34.5189
-77.7375	34.3769
-77.7386	34.2307
-77.7397	34.0872
-77.7411	33.9379
-77.7425	33.7971
-77.7439	33.653
-77.7453	33.5087
-77.7468	33.3606
-77.7482	33.22
-77.7495	33.0726
-77.7506	32.9297
-77.7518	32.7824
-77.753	32.6394
-77.7542	32.4946
-77.7554	32.3511
-77.7567	32.2061
-77.758	32.0606
-77.7592	31.9183
-77.7605	31.7736
-77.7618	31.629
-77.763	31.4826
-77.7641	31.3411
-77.7653	31.1953
-77.7666	31.0496
-77.7681	30.9053
-77.7695	30.7599
-77.7709	30.6159
-77.7724	30.4715
-77.7739	30.3245
-77.7753	30.1837
-77.7766	30.034
-77.7778	29.8936
-77.7791	29.7506
-77.7804	29.6059
-77.7817	29.4605
-77.783	29.3154
-77.7843	29.1729
-77.7857	29.0282
-77.787	28.8855
-77.7884	28.7384
-77.7897	28.5946
-77.7911	28.4492
-77.7924	28.3061
-77.7938	28.1611
-77.7952	28.0161
-77.7965	27.8732
-77.7979	27.7311
-77.7993	27.5836
-77.8006	27.4411
-77.802	27.2913
-77.8033	27.1529
-77.8047	27.0094
-77.8061	26.8581
-77.8074	26.7196
-77.8088	26.5764
-77.8102	26.4312
-77.8115	26.2865
-77.8129	26.1432
-77.8143	25.9986
-77.8157	25.8523
-77.817	25.7107
-77.8184	25.5665
-77.8197	25.4224
-77.8211	25.2799
-77.8225	25.1351
-77.8238	24.9913
-77.8252	24.8476
-77.8265	24.7048
-77.8279	24.5599
-77.8292	24.4166
-77.8306	24.2719
-77.832	24.1241
-77.8333	23.9862
-77.8346	23.841
-77.836	23.6968
-77.8373	23.5547
-77.8386	23.4079
-77.8399	23.2675
-77.8412	23.1241
-77.8426	22.9796
-77.8439	22.8378
-77.8452	22.6938
-77.8465	22.5464
-77.8491	22.2591
-77.8503	22.116
-77.8515	21.9791
-77.8527	21.841
-77.8539	21.7069
-77.855	21.5724
-77.8561	21.4481
-77.8571	21.3218
-77.858	21.2069
-77.859	21.0879
-77.8599	20.9779
-77.8607	20.8735
-77.8615	20.7715
-77.8623	20.6736
-77.863	20.5812
-77.8636	20.4964
-77.8642	20.4159
-77.8648	20.3406
-77.8653	20.2695
-77.8658	20.2064
-77.8662	20.1465
-77.8666	20.0947
-77.867	20.0512
-77.8673	20.0093
-77.8676	19.9674
-77.8679	19.9313
-77.8682	19.8999
-77.8685	19.8694
-77.8687	19.8394
-77.8689	19.8153
-77.8691	19.792
-77.8693	19.7697
-77.8695	19.7523
-77.8697	19.7351
-77.8698	19.7205
-77.8699	19.7074
-77.8701	19.6962
-77.8702	19.6854
-77.8703	19.678
-77.8704	19.6714
-77.8705	19.6667
-77.8706	19.6596
-77.8706	19.6603
-77.8717	19.5451
-77.8721	19.5062
-77.872	19.5197
-77.8719	19.5368
-77.8718	19.5537
-77.8718	19.5699
-77.8717	19.5878
-77.8716	19.6058
-77.8715	19.6233
-77.8714	19.6409
-77.8713	19.6582
-77.8712	19.6765
-77.8711	19.6943
-77.871	19.7115
-77.8709	19.7292
-77.8708	19.7472
-77.8707	19.7647
-77.8705	19.7819
-77.8704	19.7995
-77.8703	19.8166
-77.8702	19.8336
-77.8701	19.8501
-77.87	19.8673
-77.8699	19.8843
-77.8698	19.9005
-77.8697	19.9172
-77.8695	19.9335
-77.8694	19.9494
-77.8693	19.9649
-77.8692	19.9812
-77.8691	19.9966
-77.869	20.0118
-77.8689	20.0269
-77.8688	20.0418
-77.8687	20.0565
-77.8686	20.0707
-77.8685	20.085
-77.8683	20.099
-77.8682	20.1126
-77.8681	20.1261
-77.868	20.1395
-77.8679	20.1525
-77.8678	20.1649
-77.8677	20.1767
-77.8677	20.1883
-77.8676	20.1992
-77.8675	20.2091
-77.8674	20.2178
-77.8673	20.2253
-77.8673	20.2317
-77.8672	20.2366
-77.8672	20.2401
-77.8672	20.2411
-77.8671	20.2406
-77.8671	20.2375
-77.8671	20.2323
-77.8671	20.2249
-77.8672	20.2154
-77.8672	20.2037
-77.8672	20.1899
-77.8673	20.1739
-77.8674	20.1558
-77.8674	20.1355
-77.8675	20.1129
-77.8676	20.0878
-77.8677	20.0607
-77.8678	20.0312
-77.8679	19.9995
-77.868	19.9654
-77.8682	19.9288
-77.8683	19.89
-77.8685	19.8489
-77.8686	19.8053
-77.8688	19.759
-77.8689	19.7112
-77.8691	19.6603
-77.8693	19.6072
-77.8695	19.5505
-77.8697	19.4934
-77.87	19.433
-77.8702	19.37
-77.8705	19.3036
-77.8708	19.2365
-77.8711	19.1656
-77.8714	19.0931
-77.8717	19.017
-77.872	18.9397
-77.8723	18.8599
-77.8726	18.7772
-77.8729	18.6918
-77.8733	18.6046
-77.8736	18.5148
-77.8739	18.4222
-77.8741	18.3277
-77.8744	18.23
-77.8746	18.1306
-77.8749	18.0284
-77.8751	17.9242
-77.8753	17.8154
-77.8756	17.7078
-77.8758	17.5954
-77.8761	17.4818
-77.8764	17.3636
-77.8768	17.2471
-77.8772	17.1273
-77.8776	17.0044
-77.8781	16.8817
-77.8788	16.755
-77.8797	16.6281
-77.8811	16.4986
-77.8834	16.3673
-77.8864	16.2321
-77.8909	16.1003
-77.897	15.9649
-77.9046	15.8284
-77.9143	15.6901
-77.9259	15.5525
-77.9402	15.4112
-77.9567	15.2734
-77.9759	15.1295
-77.9978	14.9883
-78.0229	14.844
-78.05	14.7127
-78.081	14.5716
-78.1159	14.4282
-78.1529	14.2947
-78.1934	14.1567
-78.237	14.0216
-78.2842	13.885
-78.3345	13.7524
-78.3874	13.6201
-78.4439	13.4876
-78.5041	13.3579
-78.5675	13.2303
-78.6334	13.1055
-78.7023	12.9811
-78.7754	12.8559
-78.8496	12.7395
-78.9275	12.6221
-79.0081	12.5066
-79.0913	12.3931
-79.1778	12.28
-79.2666	12.1696
-79.3581	12.0631
-79.4526	11.9585
-79.5491	11.8573
-79.6475	11.7586
-79.7497	11.6586
-79.852	11.566
-79.9584	11.4729
-80.0661	11.3836
-80.1762	11.2959
-80.2887	11.2099
-80.4042	11.1254
-80.5178	11.0491
-80.6358	10.9712
-80.7577	10.8933
-80.8788	10.8218
-80.9995	10.7555
-81.1243	10.6886
-81.2512	10.6238
-81.3781	10.5631
-81.5067	10.5052
-81.6372	10.4497
-81.7685	10.3974
-81.9011	10.3476
-82.0362	10.3
-82.1729	10.2549
-82.3061	10.2164
-82.6564	10.0242
-82.8985	9.93491
-83.0542	9.91738
-83.2061	9.90584
-83.3559	9.89837
-83.5078	9.89233
-83.6576	9.89025
-83.8083	9.89029
-83.9594	9.89254
-84.1105	9.89713
-84.2601	9.90514
-84.4112	9.91533
-84.5612	9.92867
-84.7121	9.94413
-84.8599	9.96294
-85.0099	9.98345
-85.1595	10.0063
-85.3084	10.0315
-85.4613	10.0582
-85.6055	10.0889
-85.7538	10.1208
-85.9054	10.1543
-86.0486	10.191
-86.1955	10.2291
-86.3432	10.269
-86.4887	10.311
-86.6339	10.3549
-86.7793	10.4005
-86.9227	10.4479
-87.0716	10.497
-87.2124	10.5479
-87.3559	10.6004
-87.4987	10.6546
-87.6419	10.7105
-87.7837	10.7678
-87.9244	10.8267
-88.066	10.8872
-88.207	10.9492
-88.3492	11.0129
-88.4872	11.0776
-88.6258	11.1438
-88.7703	11.2125
-88.9076	11.2815
-89.0405	11.351
-89.175	11.422
-89.312	11.495
-89.4495	11.5695
-89.5839	11.6446
-89.716	11.7204
-89.8498	11.798
-89.9847	11.8772
-90.1175	11.9571
-90.2459	12.0369
-90.3785	12.1192
-90.5083	12.2019
-90.6386	12.286
-90.7684	12.3712
-90.8967	12.457
-91.0232	12.5433
-91.155	12.6329
-91.2749	12.7188
-91.4014	12.8086
-91.5289	12.9
-91.6515	12.9904
-91.7764	13.083
-91.8976	13.175
-92.0198	13.2685
-92.1419	13.3631
-92.2622	13.458
-92.383	13.5542
-92.5033	13.6513
-92.6245	13.75
-92.7413	13.8474
-92.8584	13.946
-92.9749	14.0454
-93.0939	14.1473
-93.2074	14.2472
-93.3212	14.3484
-93.4349	14.4506
-93.5531	14.5567
-93.6637	14.6593
-93.7734	14.7623
-93.8852	14.8677
-93.9962	14.9736
-94.1092	15.0819
-94.215	15.1864
-94.3252	15.2947
-94.4328	15.4022
-94.5414	15.5112
-94.6486	15.6202
-94.7535	15.7284
-94.8634	15.841
-94.9647	15.9481
-95.0696	16.0585
-95.1751	16.1701
-95.2769	16.2795
-95.3794	16.39
-95.4836	16.5025
-95.5857	16.6138
-95.6873	16.7252
-95.7888	16.837
-95.8944	16.9525
-96.0012	17.0696
-96.0967	17.1775
-96.1976	17.2903
-96.3023	17.4066
-96.4016	17.5184
-96.4984	17.6281
-96.5974	17.7399
-96.6968	17.8523
-96.7979	17.9663
-96.8957	18.0776
-96.9958	18.1911
-97.0972	18.3059
-97.1989	18.4212
-97.2919	18.5283
-97.3912	18.6412
-97.4893	18.7531
-97.5945	18.8717
-97.6866	18.9779
-97.785	19.0899
-97.8849	19.2033
-97.9838	19.3156
-98.0802	19.4253
-98.178	19.5363
-98.2768	19.6481
-98.3758	19.7599
-98.475	19.8719
-98.5755	19.9851
-98.6707	20.0928
-98.7674	20.202
-98.8655	20.3122
-98.9631	20.422
-99.0613	20.5321
-99.1589	20.6416
-99.2571	20.7514
-99.3546	20.8602
-99.4546	20.9716
-99.5513	21.0792
-99.6499	21.1887
-99.7477	21.2971
-99.8457	21.4056
-99.9448	21.5149
-100.043	21.6231
-100.142	21.7314
-100.239	21.8382
-100.337	21.946
-100.437	22.0549
-100.535	22.1621
-100.634	22.2692
-100.733	22.3768
-100.83	22.4826
-100.934	22.5942
-101.028	22.6962
-101.127	22.803
-101.225	22.9089
-101.325	23.0158
-101.422	23.1202
-101.52	23.2249
-101.619	23.3307
-101.717	23.4352
-101.816	23.5402
-101.916	23.6466
-102.015	23.751
-102.113	23.8555
-102.213	23.9607
-102.312	24.0653
-102.411	24.1693
-102.511	24.2739
-102.844	24.6218
-103.049	24.8342
-103.162	24.9522
-103.27	25.0644
-103.378	25.176
-103.478	25.2799
-103.591	25.3967
-103.69	25.499
-103.797	25.6087
-103.9	25.7146
-103.997	25.8144
-104.11	25.9304
-104.223	26.0469
-104.318	26.1443
-104.422	26.2509
-104.534	26.3651
-104.629	26.4623
-104.729	26.5644
-104.831	26.6681
-104.929	26.7685
-105.03	26.8712
-105.13	26.973
-105.234	27.0788
-105.331	27.1775
-105.431	27.2794
-105.531	27.3804
-105.632	27.4831
-105.733	27.5852
-105.834	27.6871
-105.933	27.7875
-106.033	27.8892
-106.135	27.9921
-106.235	28.0931
-106.335	28.1935
-106.437	28.2962
-106.537	28.3977
-106.638	28.4989
-106.739	28.601
-106.84	28.7027
-106.941	28.8039
-107.046	28.9096
-107.146	29.0102
-107.248	29.113
-107.349	29.2146
-107.452	29.3181
-107.553	29.4191
-107.658	29.5248
-107.756	29.6229
-107.855	29.7226
-107.961	29.8284
-108.058	29.9253
-108.158	30.0257
-108.261	30.1292
-108.36	30.2279
-108.461	30.3289
-108.562	30.4304
-108.667	30.5353
-108.764	30.6322
-108.865	30.7329
-108.968	30.8363
-109.067	30.9346
-109.17	31.0374
-109.271	31.1385
-109.37	31.238
-109.471	31.3386
-109.572	31.4393
-109.68	31.5472
-109.775	31.6419
-109.876	31.7425
-109.977	31.8435
-110.091	31.957
-110.178	32.0443
-110.28	32.1457
-110.381	32.2464
-110.485	32.3499
-110.583	32.4479
-110.686	32.551
-110.786	32.6508
-110.887	32.7515
-110.989	32.8522
-111.09	32.9535
-111.189	33.0522
-111.292	33.1543
-111.393	33.2551
-111.493	33.3547
-111.595	33.4562
-111.697	33.5576
-111.798	33.6582
-111.899	33.7589
-112	33.8601
-112.106	33.965
-112.204	34.0631
-112.305	34.163
-112.408	34.2654
-112.508	34.3653
-112.611	34.468
-112.711	34.5668
-112.812	34.668
-112.914	34.7691
-113.017	34.8715
-113.116	34.9705
-113.218	35.0716
-113.319	35.1719
-113.42	35.2729
-113.522	35.3743
-113.623	35.4748
-113.726	35.5767
-113.827	35.678
-113.93	35.7795
-114.031	35.8803
-114.134	35.9827
-114.236	36.0839
-114.336	36.1842
-114.436	36.2837
-114.541	36.3878
-114.639	36.4849
-114.74	36.5856
-114.842	36.6876
-114.945	36.7892
-115.046	36.8896
-115.146	36.9893
-115.25	37.0932
-115.348	37.1907
-115.45	37.2923
-115.552	37.3931
-115.655	37.4956
-115.757	37.5972
-115.859	37.6991
-115.958	37.7975
-116.064	37.9024
-116.162	38.0006
-116.264	38.1013
-116.365	38.2026
-116.467	38.3041
-116.568	38.4043
-116.67	38.5053
-116.772	38.6074
-116.872	38.7068
-116.975	38.809
-117.075	38.9084
-117.178	39.0108
-117.279	39.1112
-117.385	39.2166
-117.482	39.314
-117.583	39.4146
-117.684	39.5146
-117.786	39.6165
-117.888	39.7178
-117.989	39.8183
-118.09	39.9193
-118.191	40.0198
-118.293	40.1208
-118.394	40.2218
-118.497	40.3241
-118.598	40.4243
-118.701	40.5269
-118.801	40.6264
-118.902	40.7277
-119.006	40.8314
-119.111	40.9357
-119.209	41.0332
-119.312	41.1354
-119.414	41.2374
-119.519	41.3418
-119.625	41.4474
-119.726	41.5482
-119.827	41.6488
-119.929	41.7502
-120.028	41.8493
-120.363	42.1838
-120.565	42.3858
-120.671	42.4911
-120.771	42.5915
-120.872	42.6918
-120.979	42.7981
-121.091	42.9101
-121.193	43.0121
-121.295	43.1135
-121.404	43.2232
-121.533	43.3519
-121.627	43.4454
-121.781	43.5994
-121.865	43.6828
-121.982	43.8001
-122.088	43.9062
-122.196	44.0142
-122.3	44.1176
-122.42	44.2379
-122.525	44.3432
-122.615	44.4325
-122.719	44.5372
-122.82	44.6376
-122.92	44.7374
-123.025	44.8429
-123.133	44.9512
-123.23	45.0482
-123.334	45.1523
-123.433	45.2519
-123.546	45.3649
-123.64	45.4593
-123.759	45.5783
-123.866	45.6856
-123.975	45.7947
-124.061	45.8812
-124.184	46.0052
-124.274	46.0954
-124.374	46.1959
-124.473	46.2951
-124.583	46.4054
-124.689	46.5119
-124.801	46.6235
-124.913	46.7356
-125.027	46.8502
-125.113	46.9358
-125.212	47.0348
-125.328	47.1514
-125.424	47.247
-125.534	47.3577
-125.629	47.4519
-125.729	47.5521
-125.837	47.6601
-125.951	47.7732
-126.056	47.8786
-126.152	47.9737
-126.256	48.0776
-126.374	48.1952
-126.472	48.2916
-126.598	48.4168
-126.689	48.5074
-126.804	48.6213
-126.911	48.7275
-127.025	48.8396
-127.117	48.9304
-127.206	49.018
-127.326	49.1357
-127.437	49.2449
-127.538	49.3434
-127.625	49.4288
-127.731	49.5317
-127.83	49.6287
-127.936	49.7321
-128.041	49.8338
-128.144	49.934
-128.251	50.0374
-128.349	50.1326
-128.455	50.2348
-128.56	50.3355
-128.673	50.445
-128.772	50.5394
-128.877	50.6406
-128.982	50.7407
-129.09	50.8433
-129.194	50.9422
-129.299	51.0419
-129.403	51.14
-129.507	51.2385
-129.616	51.3415
-129.722	51.4414
-129.83	51.5414
-129.931	51.6335
-130.037	51.7302
-130.15	51.8337
-130.245	51.9195
-130.343	52.0078
-130.439	52.0951
-130.54	52.1859
-130.63	52.2671
-130.722	52.3496
-130.806	52.4249
-130.884	52.495
-130.983	52.5838
-131.039	52.6322
-131.114	52.6984
-131.178	52.7553
-131.243	52.8126
-131.304	52.8668
-131.358	52.9154
-131.406	52.9581
-131.453	52.9999
-131.492	53.0355
-131.529	53.0706
-131.56	53.099
-131.59	53.1262
-131.617	53.1504
-131.646	53.1755
-131.685	53.2098
-131.705	53.2265
-131.721	53.2388
-131.743	53.2571
-131.766	53.2748
-131.786	53.2901
-131.799	53.2994
-131.813	53.3087
-131.826	53.3171
-131.843	53.328
-131.85		53.331
-131.864	53.3391
-131.873	53.3431
-131.885	53.3499
-131.887	53.3476
-131.894	53.3489
-131.896	53.3465
-131.899	53.3449
-131.901	53.342
-131.903	53.3387
-131.904	53.3356
-131.906	53.3322
-131.908	53.3291
-131.907	53.3239
-131.905	53.3177
-131.905	53.3126
-131.907	53.3094
-131.901	53.2997
464.592	-435.178
